[-43.26893644] [-43.4869178]
[1.74119805] [3.7528081]
[-127.61734773] [-128.61072132]
[5.41472821] [5.67182845]
[-27.13204885] [-27.46916942]
[36.58820428] [36.53905322]
[-55.56152515] [-56.38035958]
[162.9140842] [163.71667642]
[-112.32091673] [-109.92253645]
[-43.64267142] [-43.87280887]
[-36.74802096] [-36.76289151]
[-119.46454899] [-117.96377078]
[4.98476016] [5.24004298]
[-127.26991658] [-128.71571315]
[-62.0506095] [-61.08193105]
[2.70645693] [2.94504249]
[-64.90283144] [-66.12375418]
[48.22632489] [45.94659944]
[-35.39413305] [-35.44343445]
[-61.19108605] [-60.21294992]
[151.41307246] [152.56039396]
[-114.44337349] [-113.61118977]
[-96.43017322] [-96.92892366]
[-69.64799428] [-70.87526302]
[-118.3919191] [-117.45634919]
[-60.55551594] [-61.6352831]
[-128.05524753] [-129.40068949]
[-118.0774324] [-116.2889997]
[-22.6167751] [-22.4051127]
[-63.98201032] [-65.18253908]
[-29.72086695] [-30.00706095]
[-127.96757773] [-129.69254744]
[-128.02697226] [-129.76750355]
[-126.6181034] [-127.04872533]
[-128.25824893] [-129.99872127]
[-35.88789648] [-35.94423603]
[43.04442179] [42.9839369]
[-100.1517874] [-100.44370111]
[17.36787125] [17.54573642]
[-2.36273522] [-2.20515614]
[134.57015352] [134.15409845]
[77.41679295] [77.7183315]
[-118.06120914] [-116.26978495]
[-100.21028188] [-98.3955533]
[-21.16576917] [-21.50896413]
[-17.67357818] [-17.95638098]
[134.41827981] [133.98965463]
[16.38373918] [16.57471183]
[-33.86885507] [-33.89758147]
[-110.57349249] [-108.13660414]
[-68.44327376] [-69.68552784]
[9.10731956] [9.36397857]
[-30.98385104] [-30.97383527]
[-31.12526093] [-31.11726539]
[7.81279755] [9.97642442]
[24.49992335] [25.40471118]
[-119.1579578] [-118.23465865]
[-20.0508568] [-19.72530026]
[-20.53543895] [-20.87078975]
[-28.64050777] [-28.95151017]
[99.784887] [99.79902096]
[-122.08377822] [-121.35720974]
[67.42738283] [67.6047287]
[-128.2297334] [-129.77691346]
[-48.7728588] [-49.21564086]
[-128.23546674] [-129.79146125]
[191.68874852] [190.49225136]
[-126.26532228] [-126.54052217]
[-97.28388802] [-95.8050971]
[-100.38951373] [-98.55565967]
[-116.73272022] [-115.81120275]
[-76.19409948] [-76.00435529]
[-121.5705249] [-120.63751961]
[17.28515689] [18.99813567]
[-128.06999876] [-129.42991787]
[55.47570223] [55.49627515]
[-106.71350038] [-106.47788817]
[-123.87227276] [-123.76182729]
[-115.29904779] [-114.42561341]
[107.86612279] [107.51443159]
[-125.76069866] [-125.84102712]
[-56.35153082] [-57.21536249]
[-116.47111287] [-115.55615619]
[184.8725478] [183.08622097]
[-117.36071993] [-115.44792375]
[39.42460163] [39.36539837]
[-115.84610814] [-113.72005709]
[-63.64368372] [-64.83531778]
[29.13383445] [29.3892914]
[-94.2119774] [-93.1198144]
[-123.60246605] [-123.38417339]
[-49.42070064] [-49.89600078]
[-115.12407648] [-112.91826717]
[58.62646316] [56.25634102]
[203.92049914] [225.66947795]
[25.66101502] [25.71940264]
[-2.76268339] [-1.0541075]
[84.43822526] [84.76730296]
[-113.25506595] [-112.49269935]
[-128.18205067] [-129.94295737]
MSE Score: 5.94834131184003
Final Weights and Biases:
[array([[-2.54942087],
              [-7.34844221],
              [ 5.66564003],
              [ 9.53355062],
              [-7.01508122]]), array([[ -0.17622762,      6.46607767,    -1.73403919,    -9.8232896 ,
                    5.05751039],
              [ 15.41458997,    -3.11079245,      2.84169739,      3.3700297 ,
                  -2.49115115],
              [-16.41961746,      2.87882694,    -5.95882206,    -6.04112884,
                    4.5638308 ],
              [    1.23799655,      5.96920534,    -3.85447961,    -8.07376189,
                    5.18789661],
              [ 18.66770321,    -5.52870688,      6.06619413,      4.82976879,
                  -5.13622883]]), array([[-57.2694563 ,    83.65861736, -55.64452185, -57.08448128,
                  91.94495515]])]
[array([[ -3.12784542],
              [ 12.21773855],
              [ -2.29184127],
              [-18.85043553],
              [    7.82582976]]), array([[ 2.29814006],
              [ 2.90077046],
              [-1.00267574],
              [ 0.83503552],
              [-0.45035457]]), array([[29.47562796]])]


fc1.weight tensor([[ 3.7350],
        [ 2.0665],
        [-6.0901],
        [ 1.9378],
        [-4.2399]])
fc1.bias tensor([-1.6941,  4.4934, -1.7521,  4.2479,  0.1091])
fc2.weight tensor([[  2.2463,   2.1152,  -4.9616,   2.4383,  -1.9859],
        [ -0.2530,  -0.1927,   0.2753,  -0.1145,  -0.3741],
        [ -0.4582,   1.9141,   1.3183,   2.0525,   0.5298],
        [-12.3629,   0.5820,  -1.8870,  -0.0414,  -0.9520],
        [  2.0828,   2.3129,  -4.9862,   2.0293,  -2.0409]])
fc2.bias tensor([ 1.6824, -0.4255,  5.2077,  0.1020,  2.4658])
fc3.weight tensor([[  2.8709,  -0.0849,  -3.3670, -15.4837,   2.5981]])
fc3.bias tensor([-2.9675])

fc1.weight tensor([[-1.0035],
        [ 2.6953],
        [ 2.8329],
        [-1.4592],
        [ 1.7879]])
fc1.bias tensor([0.6506, 2.4389, 2.5640, 2.7759, 3.5920])
fc2.weight tensor([[ 0.5372, -1.6370, -0.6684,  2.1910,  2.4669],
        [-0.1084, -0.9173, -0.9222,  2.5662,  1.8222],
        [-0.8181,  2.2629,  2.8898, -1.6192,  2.8836],
        [-0.1989, -0.1647, -0.3125, -0.2916,  0.2189],
        [ 0.4892, -1.3605, -0.3599,  2.2085,  1.5363]])
fc2.bias tensor([ 2.3868,  2.2167,  2.1826, -0.2260,  2.4094])
fc3.weight tensor([[-1.9322, -1.7460,  2.5804, -0.1741, -1.2698]])
fc3.bias tensor([0.7825])