square simple:

[1,5,1]
Final Weights and Biases:
Layer 1 Weights:
[[ 4.5]
 [-5. ]
 [-7.5]
 [ 9.5]
 [ 6.5]]
Layer 1 Biases:
[[ -3.5]
 [ -3.5]
 [ -9.3]
 [-17.5]
 [ -9.1]]
Layer 2 Weights:
[[120.   93.  114.  130.8 131.9]]
Layer 2 Biases:
[[-133]]
MSE Score: 4.500928632835368


[1,5,5,1]
Final Weights and Biases:
Layer 1 Weights:
[[-2.54942087]
 [-7.34844221]
 [ 5.66564003]
 [ 9.53355062]
 [-7.01508122]]
Layer 1 Biases:
[[ -3.12784542]
 [ 12.21773855]
 [ -2.29184127]
 [-18.85043553]
 [  7.82582976]]
Layer 2 Weights:
[[ -0.17622762   6.46607767  -1.73403919  -9.8232896    5.05751039]
 [ 15.41458997  -3.11079245   2.84169739   3.3700297   -2.49115115]
 [-16.41961746   2.87882694  -5.95882206  -6.04112884   4.5638308 ]
 [  1.23799655   5.96920534  -3.85447961  -8.07376189   5.18789661]
 [ 18.66770321  -5.52870688   6.06619413   4.82976879  -5.13622883]]
Layer 2 Biases:
[[ 2.29814006]
 [ 2.90077046]
 [-1.00267574]
 [ 0.83503552]
 [-0.45035457]]
Layer 3 Weights:
[[-57.2694563   83.65861736 -55.64452185 -57.08448128  91.94495515]]
Layer 3 Biases:
[[29.47562796]]
MSE Score: 5.94834129557716

steps large:
[1,5,1]




[1,5,5,1]
Final Weights and Biases:
Layer 1 Weights:
[[  69.5633445 ]
 [  89.18107156]
 [-112.87997316]
 [ -78.51056804]
 [-140.53959512]]
Layer 1 Biases:
[[-104.81690917]
 [-133.95385315]
 [ -57.1567971 ]
 [ -39.12040927]
 [  70.41873286]]
Layer 2 Weights:
[[  2.04677598   3.51798345  -2.0474786   -3.25657759 -24.34403553]
 [ -1.76993074  -2.15143162  19.48018621  16.47617387  -4.2941155 ]
 [ 12.16542258  15.26459722  -1.12287186  -4.10102815  -5.0054569 ]
 [ 12.87472895  16.42850268  -1.96435588  -3.13059337  -3.94471487]
 [  2.1532062    1.6002161  -11.70084567   4.12314203  -2.83026925]]
Layer 2 Biases:
[[ 13.1336255 ]
 [-10.2443378 ]
 [-12.4314918 ]
 [-15.3197913 ]
 [  3.43063974]]
Layer 3 Weights:
[[ 67.83489868 -55.74155719  38.7741544   40.03413086  37.66999107]]
Layer 3 Biases:
[[-24.33935921]]
MSE Score: 3.771901060086445




